1 2319
1 1523
1 1680
1 1591
1 1519
1 2379
1 1410
1 2371
1 2380
1 3069
2 3078
2 2434
2 2863
2 1046
2 1867
2 597
2 1014
2 435
2 492
2 397
3 2316
3 929
3 2551
3 2603
3 2658
3 2066
3 1098
3 100
3 249
3 1366
4 3043
4 2377
4 3103
4 2519
4 2844
4 483
4 2870
4 2939
4 3073
4 2958
5 2321
5 2960
5 1923
5 2003
5 1742
5 1272
5 2035
5 3144
5 1829
5 2716
6 2826
6 1543
6 2828
6 242
6 2230
6 3035
6 1009
6 2078
6 1867
6 1014
7 3043
7 2912
7 3148
7 3104
7 1553
7 3141
7 2376
7 3166
7 3170
7 270
8 2625
8 2776
8 1685
8 2951
8 912
8 2830
8 2500
8 1869
8 2371
8 492
9 2372
9 3068
9 2776
9 1685
9 2371
9 2849
9 1461
9 3158
9 2578
9 1261
10 1795
10 2316
10 1262
10 392
10 141
10 2603
10 2896
10 2685
10 1601
10 2700
11 2699
11 3148
11 2316
11 3150
11 3171
11 1923
11 3080
11 2705
11 2717
11 2603
12 3127
12 1930
12 2246
12 1461
12 3068
12 2319
12 1462
12 2740
12 2867
12 1247
13 1362
13 2748
13 2897
13 2835
13 2491
13 48
13 1652
13 195
13 2745
13 1947
14 1724
14 2816
14 3087
14 3011
14 2876
14 2976
14 307
14 862
14 853
14 2397
15 2835
15 1231
15 2611
15 2464
15 2344
15 1947
15 3080
15 820
15 2929
15 3125
16 3141
16 409
16 2740
16 307
16 1461
16 1846
16 525
16 1950
16 2376
16 1226
17 2491
17 1362
17 2748
17 1223
17 2897
17 2835
17 48
17 1134
17 1652
17 195
18 3075
18 249
18 2897
18 2685
18 1795
18 1811
18 1852
18 3156
18 2706
18 1362
19 1262
19 1601
19 950
19 392
19 141
19 2896
19 2685
19 2700
19 1795
19 1158
20 2695
20 2506
20 2442
20 2199
20 2630
20 2177
20 1047
20 2490
20 349
20 3152
21 2325
21 3007
21 3166
21 1659
21 3086
21 2936
21 2226
21 2932
21 2454
21 1309
22 266
22 87
22 2188
22 2637
22 2564
22 2441
22 2638
22 2473
22 2384
22 2367
23 3148
23 3043
23 2578
23 2276
23 3082
23 3137
23 3166
23 52
23 1780
23 88
24 268
24 1696
24 3043
24 2342
24 412
24 2376
24 3141
24 2371
24 1749
24 1748
25 1653
25 2318
25 436
25 2542
25 1938
25 3048
25 1620
25 2344
25 1719
25 2984
26 2626
26 1461
26 2870
26 2632
26 2844
26 2377
26 3068
26 483
26 2319
26 2939
27 3011
27 1461
27 2319
27 2798
27 2669
27 2918
27 2988
27 2902
27 3068
27 2740
28 3032
28 2849
28 2890
28 2776
28 1685
28 2951
28 2371
28 1695
28 2197
28 1261
29 2229
29 1539
29 2200
29 1840
29 1537
29 1538
29 2462
29 2089
29 804
29 1841
30 1256
30 1856
30 1926
30 1739
30 953
30 2537
30 2786
30 2882
30 2501
30 1196
31 195
31 3047
31 1327
31 2415
31 674
31 2826
31 2125
31 1686
31 1144
31 533
32 2177
32 3139
32 2630
32 2490
32 1961
32 1839
32 1847
32 1529
32 2484
32 2461
33 2043
33 1954
33 2805
33 2548
33 559
33 3016
33 2226
33 2335
33 1968
33 1662
34 1949
34 1524
34 1644
34 1440
34 1999
34 334
34 1803
34 848
34 1882
34 397
35 1474
35 3007
35 1397
35 2850
35 1386
35 2836
35 2560
35 2165
35 2090
35 2516
36 1265
36 2110
36 1399
36 1012
36 2739
36 1131
36 1350
36 2476
36 1527
36 2492
37 2265
37 2956
37 2651
37 2376
37 3103
37 1828
37 618
37 676
37 2632
37 583
38 3103
38 2958
38 2651
38 583
38 2941
38 463
38 2082
38 2582
38 24
38 2956
39 3103
39 1861
39 2651
39 2958
39 1614
39 2406
39 2956
39 2126
39 2705
39 2316
40 2316
40 2603
40 1098
40 2406
40 249
40 1366
40 1485
40 2705
40 2956
40 1466
41 3043
41 3148
41 2578
41 3082
41 3137
41 2371
41 52
41 1780
41 88
41 2323
42 204
42 462
42 1653
42 2231
42 2215
42 2641
42 2402
42 2107
42 2789
42 2318
43 2569
43 3107
43 2703
43 2754
43 2847
43 3046
43 1399
43 3125
43 2455
43 3098
44 2829
44 2523
44 2325
44 1404
44 2125
44 525
44 1809
44 1002
44 1260
44 633
45 1976
45 2816
45 2318
45 2964
45 2493
45 1271
45 1952
45 1796
45 2452
45 3137
46 1457
46 2711
46 329
46 1653
46 661
46 2990
46 891
46 1032
46 1699
46 2641
47 891
47 2288
47 1457
47 2318
47 2882
47 2832
47 2848
47 1699
47 2726
47 275
48 47
48 2325
48 3166
48 3010
48 1809
48 1654
48 1066
48 3130
48 2226
48 1771
49 651
49 3134
49 2882
49 1457
49 891
49 1699
49 2288
49 634
49 3012
49 239
50 3075
50 891
50 1457
50 1811
50 3134
50 2288
50 3156
50 634
50 651
50 275
51 3075
51 3006
51 1811
51 3156
51 2714
51 2017
51 2022
51 82
51 2085
51 2872
52 2721
52 557
52 1030
52 1366
52 757
52 1208
52 1207
52 1329
52 2749
52 3070
53 514
53 569
53 139
53 2981
53 1186
53 1817
53 1521
53 852
53 2210
53 2031
54 2958
54 2842
54 3103
54 3104
54 2470
54 2155
54 2972
54 3031
54 2178
54 2295
55 1739
55 1355
55 1896
55 1898
55 1993
55 2650
55 2921
55 3064
55 1665
55 1846
56 2327
56 1678
56 2323
56 1739
56 1355
56 1896
56 1898
56 1154
56 2931
56 2650
57 3077
57 3140
57 196
57 1106
57 1137
57 437
57 209
57 1
57 1132
57 176
58 1344
58 2634
58 1631
58 2395
58 1398
58 69
58 1474
58 1876
58 1637
58 1252
59 2111
59 1665
59 1456
59 1855
59 1112
59 1235
59 661
59 1681
59 2905
59 1051
60 2967
60 2816
60 3087
60 2876
60 2882
60 2976
60 3030
60 3142
60 695
60 1366
61 634
61 1287
61 2711
61 1457
61 1236
61 3129
61 2114
61 1830
61 3134
61 2307
62 1961
62 2430
62 2790
62 1424
62 1368
62 2932
62 2975
62 3007
62 1648
62 2326
63 1795
63 1262
63 3061
63 3166
63 1601
63 950
63 392
63 141
63 2896
63 2685
64 2651
64 1307
64 527
64 2513
64 1549
64 1717
64 2168
64 3112
64 2723
64 1588
