1 1410
1 1938
1 2371
1 1333
1 53
1 3069
1 2874
1 2319
1 435
1 211
2 3078
2 2434
2 2863
2 136
2 740
2 356
2 1345
2 1046
2 2874
2 598
3 1134
3 1402
3 1223
3 1783
3 1658
3 2053
3 252
3 1149
3 1350
3 407
4 3128
4 2851
4 527
4 1135
4 2939
4 2439
4 1694
4 1012
4 3043
4 1550
5 1829
5 1923
5 1978
5 892
5 972
5 2716
5 2003
5 1238
5 1281
5 1307
6 1398
6 704
6 1938
6 695
6 2417
6 2804
6 2230
6 2671
6 705
6 2176
7 2912
7 3043
7 2376
7 3128
7 3148
7 1198
7 1701
7 3170
7 3141
7 1484
8 2371
8 1611
8 757
8 820
8 79
8 2541
8 8
8 3
8 93
8 2830
9 2458
9 3158
9 2371
9 757
9 2291
9 820
9 2849
9 2270
9 2374
9 3174
10 141
10 392
10 1795
10 1302
10 2685
10 2895
10 2664
10 1957
10 2311
10 1569
11 2699
11 1903
11 1872
11 1860
11 2091
11 2717
11 3171
11 1923
11 2906
11 2246
12 2246
12 3127
12 3196
12 1930
12 1461
12 2796
12 437
12 17
12 1755
12 2126
13 1795
13 2748
13 2495
13 2586
13 2491
13 115
13 1694
13 195
13 1542
13 1947
14 2964
14 2976
14 2397
14 866
14 2337
14 2812
14 852
14 2716
14 3054
14 563
15 1947
15 820
15 2574
15 2880
15 1737
15 3125
15 2685
15 2944
15 2231
15 2146
16 1332
16 3141
16 394
16 2376
16 1786
16 1613
16 2421
16 198
16 243
16 1957
17 2079
17 2491
17 1223
17 1795
17 1658
17 1134
17 1402
17 1387
17 2495
17 1783
18 2138
18 2880
18 2541
18 1795
18 799
18 1613
18 3005
18 2079
18 2664
18 3112
19 141
19 392
19 1795
19 1302
19 2664
19 2685
19 1957
19 1569
19 2311
19 1158
20 2695
20 2506
20 1457
20 2442
20 2769
20 2986
20 2199
20 349
20 661
20 1961
21 2703
21 1118
21 764
21 878
21 555
21 1037
21 2750
21 1429
21 833
21 1206
22 266
22 2637
22 2564
22 2441
22 2638
22 87
22 2473
22 122
22 2384
22 52
23 862
23 711
23 1081
23 2250
23 1714
23 1157
23 2578
23 1583
23 1584
23 2032
24 268
24 1540
24 1696
24 1410
24 1435
24 2767
24 2535
24 1892
24 1194
24 2882
25 2318
25 436
25 2452
25 330
25 2711
25 2984
25 2741
25 360
25 741
25 742
26 1338
26 2256
26 3128
26 2618
26 2912
26 2376
26 1198
26 1102
26 1071
26 2320
27 2406
27 2502
27 2582
27 2553
27 1752
27 2577
27 2378
27 2481
27 2297
27 3000
28 383
28 3032
28 2445
28 2562
28 2949
28 1685
28 2738
28 136
28 740
28 2849
29 610
29 377
29 513
29 2927
29 3037
29 2644
29 2200
29 1840
29 1537
29 2167
30 1137
30 1256
30 1024
30 960
30 1651
30 953
30 397
30 1736
30 2396
30 2917
31 195
31 1839
31 674
31 2415
31 2606
31 2275
31 1712
31 2283
31 1388
31 1952
32 1839
32 3139
32 366
32 70
32 2275
32 1145
32 222
32 1804
32 1045
32 3018
33 2043
33 1954
33 559
33 2335
33 1968
33 1662
33 1501
33 1577
33 1285
33 2226
34 1949
34 2458
34 503
34 640
34 2291
34 1893
34 1667
34 1763
34 2440
34 1450
35 3007
35 393
35 2932
35 378
35 64
35 2165
35 2848
35 265
35 961
35 206
36 2112
36 1265
36 2836
36 2476
36 2084
36 1399
36 204
36 2698
36 1131
36 2733
37 2376
37 2912
37 2265
37 3128
37 1162
37 2946
37 3105
37 1701
37 2321
37 243
38 463
38 2082
38 1717
38 1281
38 3087
38 1768
38 1364
38 583
38 483
38 2960
39 1902
39 2940
39 230
39 2684
39 1614
39 1861
39 602
39 2960
39 483
39 3103
40 1485
40 1470
40 2595
40 2928
40 943
40 1835
40 2881
40 2033
40 1588
40 2699
41 2912
41 2685
41 2849
41 3082
41 3043
41 2371
41 1747
41 2080
41 2597
41 3137
42 204
42 2641
42 2789
42 633
42 2107
42 1335
42 2251
42 462
42 436
42 2991
43 2751
43 2225
43 94
43 204
43 462
43 1836
43 1335
43 633
43 2271
43 2754
44 2325
44 2751
44 2523
44 2829
44 1002
44 1106
44 2848
44 1686
44 1105
44 533
45 2816
45 2964
45 1952
45 1796
45 1552
45 2860
45 2493
45 2904
45 2976
45 2978
46 1952
46 1796
46 1457
46 2641
46 2990
46 1136
46 2711
46 2789
46 987
46 634
47 1524
47 2158
47 2372
47 3036
47 651
47 2093
47 953
47 1032
47 2451
47 634
48 1005
48 47
48 2325
48 2366
48 115
48 1835
48 1103
48 3029
48 2108
48 2607
49 1621
49 2795
49 651
49 634
49 275
49 2307
49 2390
49 2070
49 3012
49 982
50 634
50 651
50 2664
50 275
50 657
50 2070
50 141
50 392
50 3075
50 1795
51 2664
51 141
51 392
51 2068
51 2022
51 488
51 3075
51 2085
51 1795
51 2973
52 2721
52 557
52 757
52 1208
52 1207
52 1329
52 1541
52 3061
52 1964
52 2062
53 514
53 569
53 139
53 852
53 1521
53 1817
53 2476
53 1186
53 3010
53 503
54 2958
54 1749
54 307
54 309
54 2796
54 2227
54 1339
54 308
54 2972
54 2842
55 1355
55 1739
55 1896
55 1898
55 1993
55 3042
55 287
55 3096
55 1962
55 2725
56 2327
56 1665
56 2449
56 1355
56 1896
56 1898
56 2051
56 1678
56 99
56 1993
57 3140
57 3077
57 134
57 196
57 1106
57 1137
57 133
57 2027
57 1
57 437
58 2418
58 1987
58 1944
58 1398
58 1986
58 2533
58 2904
58 1133
58 1171
58 529
59 1112
59 1456
59 137
59 2631
59 3053
59 944
59 1855
59 1235
59 3041
59 1952
60 2738
60 3043
60 2359
60 3025
60 1552
60 274
60 2626
60 2516
60 704
60 2976
61 634
61 1830
61 2307
61 2711
61 1287
61 2631
61 938
61 2114
61 359
61 3134
62 2430
62 2790
62 1961
62 2975
62 2326
62 1648
62 320
62 1136
62 2333
62 2720
63 3061
63 2896
63 3073
63 141
63 392
63 2781
63 1795
63 320
63 2767
63 2973
64 1717
64 2651
64 1307
64 2874
64 598
64 793
64 1938
64 1046
64 2051
64 1024
