1 2319
1 2371
1 1410
1 1938
1 1523
1 2358
1 1680
1 1605
1 1642
1 1885
2 3078
2 2434
2 2863
2 136
2 740
2 356
2 1345
2 597
2 1046
2 2317
3 1134
3 2652
3 799
3 205
3 1223
3 1122
3 1788
3 1459
3 1647
3 1215
4 2939
4 3128
4 3101
4 3103
4 3043
4 1439
4 1951
4 136
4 438
4 1601
5 2321
5 2716
5 2003
5 1829
5 1272
5 1923
5 2035
5 2629
5 2105
5 1409
6 2826
6 1543
6 136
6 740
6 356
6 2828
6 1009
6 242
6 2230
6 1517
7 2376
7 3043
7 2912
7 3148
7 1951
7 136
7 740
7 356
7 2317
7 3141
8 2951
8 2371
8 2625
8 1685
8 2776
8 1505
8 1611
8 492
8 2499
8 1261
9 1685
9 2371
9 2776
9 3158
9 2951
9 3068
9 1695
9 1261
9 2197
9 2372
10 2664
10 1262
10 950
10 2685
10 2785
10 141
10 392
10 2896
10 1601
10 1158
11 2699
11 2717
11 2246
11 1903
11 3080
11 1860
11 1872
11 3148
11 2527
11 2906
12 1930
12 3127
12 2246
12 2319
12 3196
12 1461
12 1591
12 2379
12 1680
12 3068
13 2897
13 2748
13 2491
13 1362
13 1652
13 1795
13 2745
13 2888
13 2711
13 3080
14 2964
14 3011
14 2337
14 1724
14 2272
14 3054
14 2976
14 2108
14 2816
14 2397
15 1947
15 3125
15 1231
15 115
15 2900
15 2897
15 2835
15 1999
15 1719
15 3099
16 3141
16 2376
16 1676
16 2452
16 2114
16 1724
16 1223
16 409
16 1332
16 3129
17 2897
17 2491
17 1134
17 2079
17 1154
17 1362
17 1652
17 1795
17 1223
17 2748
18 1613
18 799
18 2138
18 1852
18 2645
18 2664
18 1972
18 2897
18 3075
18 2896
19 2664
19 950
19 1262
19 2685
19 141
19 392
19 2896
19 1601
19 1158
19 2700
20 2059
20 2506
20 2170
20 2442
20 1047
20 3139
20 2177
20 2986
20 2199
20 2155
21 764
21 878
21 1118
21 1429
21 2904
21 555
21 1037
21 2703
21 833
21 2787
22 266
22 2637
22 2564
22 2441
22 2638
22 1767
22 1467
22 87
22 2473
22 3049
23 2914
23 2276
23 1951
23 2649
23 3148
23 241
23 2032
23 2261
23 3043
23 711
24 268
24 1696
24 1540
24 987
24 1410
24 2535
24 1435
24 1892
24 3120
24 2767
25 2318
25 1653
25 3048
25 2542
25 2859
25 1620
25 1533
25 1518
25 2862
25 1344
26 1338
26 3128
26 2626
26 2256
26 2912
26 3043
26 438
26 2618
26 1198
26 2379
27 3011
27 2669
27 2798
27 2918
27 2988
27 2902
27 2319
27 1725
27 3000
27 2985
28 3032
28 2849
28 1685
28 2776
28 2890
28 2951
28 1261
28 2197
28 1695
28 2371
29 610
29 377
29 513
29 3037
29 2229
29 2927
29 2770
29 1539
29 1840
29 1537
30 1213
30 850
30 1137
30 1926
30 1256
30 1856
30 397
30 2501
30 1024
30 1739
31 3047
31 195
31 2125
31 1327
31 674
31 1686
31 2415
31 2826
31 1929
31 533
32 3139
32 2059
32 2177
32 2155
32 1145
32 2619
32 1504
32 1847
32 1839
32 2877
33 2043
33 1954
33 2805
33 559
33 2335
33 1662
33 1968
33 2548
33 70
33 1577
34 3114
34 1524
34 1633
34 1949
34 2458
34 503
34 640
34 1644
34 1440
34 2291
35 1474
35 3007
35 2165
35 2836
35 2560
35 1386
35 393
35 1397
35 2516
35 265
36 1265
36 2110
36 1399
36 1350
36 2739
36 2476
36 2084
36 1012
36 204
36 2112
37 2265
37 2376
37 2651
37 2956
37 2958
37 3103
37 2912
37 618
37 2632
37 2937
38 2265
38 3103
38 2651
38 2958
38 2247
38 2867
38 2956
38 2941
38 2002
38 2184
39 2651
39 1861
39 3103
39 2958
39 2406
39 2956
39 1614
39 2265
39 2940
39 2178
40 2651
40 1485
40 3052
40 2956
40 2406
40 2958
40 2937
40 2060
40 1588
40 2265
41 1951
41 2914
41 3137
41 3043
41 2371
41 2276
41 3082
41 3148
41 2649
41 2849
42 2494
42 204
42 462
42 2231
42 2402
42 1653
42 2641
42 2215
42 2401
42 2107
43 2569
43 2924
43 3107
43 1182
43 2754
43 2847
43 3046
43 3125
43 2455
43 2841
44 2829
44 2523
44 2325
44 1404
44 1002
44 931
44 1424
44 1106
44 525
44 1260
45 2816
45 1976
45 2493
45 3152
45 2437
45 2856
45 1951
45 2978
45 2964
45 3002
46 1457
46 2494
46 2978
46 329
46 2711
46 1699
46 1622
46 2253
46 891
46 2990
47 2882
47 2288
47 1457
47 1032
47 1236
47 891
47 2832
47 1699
47 2726
47 3134
48 1005
48 47
48 2325
48 1654
48 3010
48 1771
48 3130
48 1809
48 1066
48 2556
49 3134
49 2795
49 2288
49 651
49 1457
49 891
49 3012
49 2882
49 2390
49 275
50 1613
50 2664
50 1457
50 891
50 3075
50 2288
50 3134
50 634
50 1825
50 651
51 1613
51 2664
51 1728
51 3075
51 1924
51 1825
51 2498
51 1811
51 2881
51 3156
52 2721
52 3070
52 1928
52 1541
52 3048
52 1030
52 557
52 1366
52 2749
52 1261
53 514
53 569
53 139
53 2981
53 1186
53 2457
53 852
53 1521
53 1948
53 1817
54 3133
54 2958
54 2842
54 2470
54 2227
54 3103
54 3170
54 2972
54 2155
54 3031
55 1739
55 1355
55 1896
55 1898
55 2650
55 1993
55 2998
55 3064
55 2921
55 1453
56 2327
56 1739
56 2323
56 1678
56 1154
56 2931
56 1355
56 1896
56 1898
56 2650
57 3077
57 3140
57 196
57 1106
57 1137
57 437
57 1
57 1132
57 134
57 209
58 1344
58 1631
58 1411
58 1398
58 2395
58 2634
58 2592
58 2249
58 1876
58 1474
59 2111
59 1665
59 1112
59 1456
59 2905
59 2631
59 1855
59 1235
59 1681
59 3134
60 3087
60 2967
60 2816
60 2738
60 1518
60 2957
60 2882
60 2976
60 2964
60 2876
61 634
61 2711
61 2307
61 1457
61 1236
61 2114
61 1830
61 2494
61 3134
61 1287
62 1961
62 1424
62 2326
62 2430
62 2790
62 2003
62 1368
62 2664
62 950
62 2975
63 2664
63 2896
63 950
63 2685
63 1262
63 141
63 1601
63 392
63 1158
63 1795
64 2651
64 1307
64 1717
64 1549
64 2857
64 527
64 1853
64 2513
64 1972
64 3112
