1 1410
1 1938
1 2371
1 53
1 2319
1 3069
1 1333
1 435
1 2874
1 211
2 3078
2 2434
2 2863
2 136
2 740
2 356
2 1345
2 1046
2 597
2 971
3 1134
3 1223
3 2652
3 205
3 1402
3 799
3 1149
3 1788
3 1787
3 407
4 3128
4 2939
4 527
4 1135
4 2851
4 3043
4 3101
4 2470
4 1604
4 2342
5 1829
5 2716
5 1923
5 2003
5 1978
5 2629
5 2321
5 1272
5 972
5 1307
6 2826
6 136
6 2828
6 1009
6 695
6 1398
6 2230
6 704
6 2176
6 2804
7 2912
7 2376
7 3043
7 3128
7 3148
7 3141
7 3082
7 3170
7 1951
7 1484
8 2371
8 1611
8 2951
8 757
8 820
8 1685
8 2625
8 79
8 2541
8 1505
9 3158
9 2371
9 3068
9 757
9 2372
9 820
9 2869
9 1685
9 2849
9 3174
10 141
10 392
10 1795
10 2664
10 2685
10 1262
10 1302
10 2895
10 1158
10 2785
11 2699
11 1903
11 1872
11 1860
11 2717
11 2091
11 2246
11 1923
11 2906
11 3171
12 2246
12 3127
12 1930
12 3196
12 1461
12 2796
12 1755
12 437
12 17
12 2126
13 2748
13 1795
13 2491
13 2495
13 2586
13 115
13 1947
13 2856
13 195
13 797
14 2964
14 2976
14 2337
14 2397
14 866
14 3054
14 2716
14 852
14 2816
14 2812
15 1947
15 3125
15 820
15 2574
15 2685
15 1737
15 2880
15 2944
15 1886
15 115
16 3141
16 1332
16 2376
16 1724
16 394
16 2421
16 1786
16 243
16 2378
16 1613
17 2079
17 2491
17 1134
17 1223
17 1795
17 1658
17 2495
17 1154
17 1387
17 1402
18 2138
18 1613
18 2880
18 799
18 2664
18 1795
18 2541
18 3005
18 2079
18 2896
19 141
19 392
19 1795
19 2664
19 2685
19 1302
19 1158
19 2266
19 1601
19 1613
20 2695
20 2506
20 2442
20 2986
20 1457
20 2769
20 2199
20 349
20 1961
20 661
21 2703
21 764
21 878
21 1118
21 555
21 1429
21 1037
21 833
21 2750
21 1206
22 266
22 2637
22 2564
22 2441
22 2638
22 87
22 2473
22 122
22 2384
22 52
23 711
23 1081
23 862
23 2250
23 1714
23 2032
23 1157
23 1583
23 1584
23 2578
24 268
24 1696
24 1540
24 1410
24 2535
24 1435
24 1892
24 2767
24 1194
24 2882
25 2318
25 436
25 2452
25 2984
25 3048
25 2862
25 1938
25 2711
25 1653
25 2741
26 1338
26 2256
26 3128
26 2912
26 2618
26 2376
26 1198
26 3043
26 2320
26 1102
27 2406
27 2582
27 2502
27 2669
27 2481
27 2553
27 3000
27 2297
27 2577
27 1752
28 3032
28 383
28 2849
28 1685
28 2890
28 2445
28 2562
28 2949
28 757
28 820
29 610
29 377
29 513
29 2927
29 3037
29 2200
29 2644
29 1840
29 1537
29 2462
30 1137
30 1256
30 1024
30 397
30 1651
30 960
30 1213
30 953
30 1739
30 2917
31 195
31 674
31 2415
31 1839
31 2125
31 2606
31 2283
31 1952
31 1686
31 1796
32 3139
32 1839
32 1145
32 366
32 2619
32 70
32 3018
32 2275
32 2155
32 1504
33 2043
33 1954
33 559
33 2335
33 1662
33 1968
33 1501
33 1577
33 1285
33 2226
34 1949
34 2458
34 503
34 3114
34 640
34 1633
34 2291
34 1893
34 1667
34 1763
35 3007
35 393
35 1474
35 2932
35 2165
35 2836
35 265
35 378
35 64
35 961
36 1265
36 2110
36 2112
36 1399
36 2476
36 2084
36 2836
36 2698
36 204
36 1131
37 2376
37 2912
37 2265
37 1162
37 3128
37 2946
37 243
37 3105
37 2956
37 3043
38 2082
38 2265
38 463
38 3087
38 2958
38 1768
38 1281
38 1364
38 3105
38 483
39 2940
39 1861
39 1614
39 1902
39 3103
39 2958
39 2178
39 2684
39 3105
39 230
40 1485
40 1470
40 1588
40 1835
40 2699
40 2958
40 2595
40 2928
40 2857
40 943
41 3082
41 2371
41 2849
41 3043
41 3137
41 2685
41 2912
41 1951
41 2949
41 3148
42 204
42 2641
42 2789
42 633
42 462
42 2107
42 2494
42 2215
42 1399
42 2402
43 2751
43 462
43 2225
43 3107
43 2754
43 2569
43 204
43 1528
43 1399
43 94
44 2523
44 2829
44 2325
44 1002
44 2751
44 1106
44 931
44 1686
44 1105
44 533
45 2816
45 2493
45 2964
45 1976
45 1952
45 2978
45 1796
45 3002
45 1552
45 2882
46 1457
46 1952
46 1796
46 2990
46 2711
46 2641
46 2631
46 2307
46 1136
46 329
47 2372
47 651
47 3036
47 1524
47 1032
47 2451
47 634
47 275
47 2288
47 2158
48 1005
48 47
48 2325
48 2366
48 115
48 3010
48 1103
48 3130
48 3029
48 1353
49 2795
49 651
49 275
49 1621
49 634
49 2390
49 3012
49 2307
49 2288
49 2070
50 2664
50 634
50 651
50 275
50 1613
50 3075
50 657
50 2070
50 141
50 392
51 2664
51 1613
51 3075
51 141
51 392
51 2068
51 2714
51 2022
51 488
51 3156
52 2721
52 557
52 1541
52 3070
52 757
52 1208
52 1261
52 2749
52 1207
52 1329
53 514
53 569
53 139
53 852
53 1521
53 1817
53 1186
53 2476
53 2210
53 503
54 2958
54 2842
54 2227
54 1749
54 2972
54 3170
54 3031
54 307
54 309
54 2470
55 1739
55 1355
55 1896
55 1898
55 1993
55 2650
55 1665
55 3042
55 2921
55 1453
56 2327
56 1665
56 1678
56 1355
56 2449
56 1896
56 1739
56 1898
56 99
56 2051
57 3077
57 3140
57 196
57 1106
57 1137
57 134
57 437
57 1
57 133
57 2027
58 1398
58 2418
58 1344
58 2395
58 1987
58 1944
58 1876
58 1986
58 1171
58 1411
59 1112
59 1456
59 2631
59 1855
59 2111
59 1665
59 137
59 1235
59 1700
59 2650
60 2738
60 2976
60 2964
60 2516
60 3025
60 2816
60 1258
60 3043
60 1552
60 3142
61 634
61 2307
61 2711
61 1830
61 1287
61 1457
61 2631
61 2114
61 3134
61 1236
62 1961
62 2430
62 2790
62 2326
62 1424
62 2975
62 1648
62 1368
62 320
62 1136
63 2896
63 3073
63 141
63 392
63 1795
63 2781
63 3061
63 2664
63 2685
63 2973
64 2651
64 1717
64 1307
64 793
64 598
64 2051
64 2874
64 1024
64 1046
64 1938
