1 1410
1 1938
1 1333
1 2319
1 3069
1 435
1 2632
1 2371
1 3181
1 1544
2 3078
2 2434
2 2863
2 1046
2 397
2 1345
2 971
2 2850
2 3080
2 598
3 1134
3 1223
3 1350
3 2053
3 1402
3 2652
3 1783
3 1658
3 252
3 1387
4 3128
4 1135
4 2939
4 2851
4 2470
4 1012
4 2342
4 527
4 3101
4 2314
5 1829
5 2716
5 2003
5 1978
5 972
5 2629
5 1307
5 1272
5 2314
5 3127
6 695
6 2828
6 1398
6 2826
6 1664
6 2176
6 2230
6 2804
6 1938
6 2873
7 2912
7 2376
7 3043
7 3128
7 2317
7 3148
7 3141
7 1854
7 1951
7 1381
8 2371
8 2951
8 1611
8 2541
8 2625
8 3032
8 2849
8 2500
8 2202
8 3133
9 2849
9 3158
9 2864
9 2371
9 3068
9 2870
9 2372
9 2869
9 2454
9 1685
10 1262
10 2895
10 2785
10 1471
10 2433
10 2514
10 3194
10 1601
10 1747
10 2685
11 2699
11 2717
11 2091
11 2906
11 1860
11 2246
11 724
11 1923
11 3171
11 2527
12 3127
12 2246
12 1930
12 3196
12 2319
12 2379
12 1461
12 2796
12 3068
12 1755
13 2748
13 2856
13 1542
13 2716
13 1947
13 3005
13 1886
13 1807
13 2722
13 2598
14 2812
14 2716
14 3054
14 2337
14 2964
14 3087
14 2816
14 2957
14 2817
14 2876
15 1947
15 3125
15 2944
15 2146
15 1886
15 2880
15 2701
15 2195
15 2541
15 2907
16 3141
16 2421
16 2376
16 243
16 972
16 2378
16 1613
16 1786
16 1332
16 3199
17 1223
17 1134
17 1658
17 1154
17 1387
17 2053
17 2491
17 1402
17 1783
17 2253
18 2138
18 2541
18 3005
18 3112
18 2880
18 1613
18 1223
18 799
18 2651
18 1135
19 1601
19 2664
19 950
19 2714
19 1613
19 1262
19 2266
19 3075
19 2685
19 141
20 2695
20 2986
20 1457
20 2769
20 1961
20 2780
20 2506
20 2442
20 2199
20 661
21 2703
21 2750
21 1206
21 1429
21 1679
21 2263
21 2787
21 764
21 878
21 555
22 2925
22 2845
22 2771
22 2637
22 2564
22 2913
22 266
22 2441
22 2638
22 2473
23 2406
23 2032
23 2914
23 2767
23 2276
23 2816
23 3135
23 2936
23 2798
23 1951
24 268
24 1696
24 1194
24 1410
24 2535
24 1892
24 1540
24 1435
24 2767
24 2882
25 2318
25 3048
25 2862
25 2711
25 2452
25 2741
25 1032
25 2984
25 2859
25 2522
26 3128
26 2376
26 2541
26 2912
26 2320
26 1338
26 2256
26 1198
26 3043
26 2618
27 2406
27 2582
27 2297
27 1752
27 2378
27 2669
27 2314
27 2481
27 2988
27 3000
28 3032
28 2849
28 2890
28 2949
28 383
28 1685
28 1928
28 1846
28 1003
28 2289
29 2927
29 3037
29 2200
29 2167
29 2644
29 610
29 377
29 513
29 2138
29 1697
30 1651
30 397
30 1856
30 2396
30 2786
30 2341
30 1272
30 1591
30 1938
30 202
31 674
31 2125
31 2606
31 2283
31 1839
31 2275
31 1686
31 533
31 1388
31 195
32 3139
32 1145
32 1839
32 3018
32 2275
32 2619
32 2177
32 2606
32 1504
32 2688
33 2043
33 1954
33 2047
33 3016
33 1501
33 2226
33 1968
33 2335
33 1662
33 559
34 1046
34 2265
34 3114
34 1949
34 2808
34 397
34 1440
34 1354
34 2401
34 1633
35 1474
35 2516
35 3175
35 2836
35 2165
35 2932
35 3007
35 2437
35 2560
35 2681
36 1265
36 2112
36 2110
36 2698
36 1399
36 1350
36 2733
36 2739
36 2836
36 1012
37 2376
37 2265
37 2912
37 3128
37 1162
37 243
37 3105
37 2946
37 2321
37 3048
38 3087
38 2082
38 2265
38 1768
38 1364
38 2705
38 1717
38 2941
38 2939
38 2582
39 2940
39 1902
39 2684
39 2178
39 1614
39 2265
39 3103
39 1861
39 3105
39 2931
40 1485
40 1470
40 2928
40 2595
40 2033
40 2699
40 2051
40 1588
40 2184
40 3052
41 2849
41 3043
41 3082
41 2912
41 1747
41 2949
41 1951
41 3137
41 3148
41 2371
42 462
42 204
42 2215
42 2402
42 633
42 3132
42 2494
42 2991
42 2232
42 2370
43 2751
43 462
43 2754
43 1528
43 2569
43 3107
43 2847
43 3098
43 1182
43 3046
44 2829
44 2523
44 2751
44 1002
44 2325
44 533
44 1686
44 1653
44 2848
44 2771
45 2816
45 1976
45 1552
45 2860
45 3002
45 2978
45 2493
45 3129
45 2928
45 2882
46 2990
46 1976
46 1457
46 2711
46 2631
46 2307
46 2561
46 1032
46 1652
46 329
47 1032
47 2451
47 2372
47 3036
47 2093
47 1524
47 440
47 1908
47 2598
47 2990
48 1005
48 47
48 2366
48 3087
48 3130
48 2325
48 1381
48 2314
48 2709
48 1835
49 2795
49 1621
49 2390
49 2307
49 3012
49 982
49 2288
49 3134
49 2319
49 2163
50 1613
50 2664
50 3075
50 2714
50 3156
50 2838
50 2973
50 2570
50 2175
50 1680
51 1613
51 2664
51 3075
51 2714
51 3156
51 2838
51 2973
51 1751
51 2570
51 2175
52 2721
52 3070
52 1541
52 2749
52 1261
52 1928
52 2859
52 2862
52 2062
52 2798
53 514
53 569
53 139
53 2210
53 1186
53 2229
53 3010
53 2169
53 1609
53 1521
54 2958
54 2842
54 2470
54 3031
54 3133
54 1749
54 2972
54 2940
54 2227
54 2264
55 1739
55 1665
55 2921
55 1453
55 2650
55 3042
55 1355
55 1896
55 1898
55 1993
56 1665
56 2327
56 2051
56 2931
56 2449
56 2061
56 1453
56 1154
56 1678
56 1739
57 3077
57 3140
57 196
57 134
57 1705
57 1
57 2700
57 2705
57 133
57 2027
58 1398
58 1171
58 1411
58 3138
58 1344
58 2217
58 2634
58 2249
58 1946
58 2904
59 1456
59 2631
59 1665
59 1235
59 1112
59 3041
59 3053
59 1700
59 1855
59 944
60 3025
60 3142
60 2359
60 1552
60 2516
60 2738
60 3043
60 3092
60 3131
60 2375
61 2307
61 2711
61 2631
61 634
61 1236
61 3134
61 3072
61 2688
61 1457
61 1272
62 1961
62 2326
62 320
62 2720
62 2924
62 1603
62 1806
62 2195
62 1424
62 2484
63 2896
63 3073
63 320
63 1846
63 2289
63 2740
63 2767
63 2973
63 2570
63 3107
64 2651
64 1717
64 1307
64 2051
64 1046
64 1155
64 2572
64 598
64 2874
64 1938
