1 2319
1 2371
1 1410
1 1938
1 1523
1 2358
1 1680
1 1605
1 1642
1 1885
1 3069
1 2380
1 53
1 435
1 1544
1 2632
1 1591
1 1519
1 3068
1 1440
2 3078
2 2434
2 2863
2 136
2 740
2 356
2 1345
2 597
2 1046
2 2317
2 971
2 1755
2 598
2 1397
2 1651
2 2304
2 2874
2 3202
2 3080
2 236
3 1134
3 2652
3 799
3 205
3 1223
3 1122
3 1788
3 1459
3 1647
3 1215
3 3189
3 2423
3 2264
3 637
3 1787
3 1149
3 2252
3 1162
3 1454
3 407
4 2939
4 3128
4 3101
4 3103
4 3043
4 1439
4 1951
4 136
4 438
4 1601
4 2377
4 740
4 2719
4 356
4 1102
4 964
4 1604
4 2470
4 2342
4 2166
5 2321
5 2716
5 2003
5 1829
5 1272
5 1923
5 2035
5 2629
5 2105
5 1409
5 1978
5 1307
5 1962
5 1603
5 2310
5 3144
5 1675
5 2299
5 1571
5 2546
6 2826
6 1543
6 136
6 740
6 356
6 2828
6 1009
6 242
6 2230
6 1517
6 1186
6 2078
6 1755
6 2804
6 3035
6 2417
6 2671
6 705
6 2873
6 704
7 2376
7 3043
7 2912
7 3148
7 1951
7 136
7 740
7 356
7 2317
7 3141
7 1828
7 3082
7 3104
7 1553
7 2946
7 3170
7 3128
7 1676
7 2371
7 1484
8 2951
8 2371
8 2625
8 1685
8 2776
8 1505
8 1611
8 492
8 2499
8 1261
8 1695
8 2500
8 2197
8 2858
8 3133
8 2969
8 1752
8 2194
8 757
8 820
9 1685
9 2371
9 2776
9 3158
9 2951
9 3068
9 1695
9 1261
9 2197
9 2372
9 2870
9 2864
9 1611
9 2869
9 2969
9 757
9 3133
9 3174
9 820
9 441
10 2664
10 1262
10 950
10 2685
10 2785
10 141
10 392
10 2896
10 1601
10 1158
10 1795
10 2700
10 1613
10 2266
10 1302
10 1471
10 2865
10 3075
10 2895
10 2342
11 2699
11 2717
11 2246
11 1903
11 3080
11 1860
11 1872
11 3148
11 2527
11 2906
11 1923
11 3150
11 2091
11 2198
11 3171
11 1642
11 795
11 2787
11 2316
11 2705
12 1930
12 3127
13 2897
13 2748
13 2491
13 1362
13 1652
13 1795
13 2745
13 2888
13 2711
13 3080
13 3129
13 3033
13 2389
13 1947
13 2495
13 48
13 2834
13 2856
13 3099
13 2078
14 2964
14 3011
14 2337
14 1724
14 2272
14 3054
14 2976
14 2108
14 2816
14 2397
14 2876
14 866
14 3087
14 856
14 2017
14 2957
14 854
14 827
14 861
14 2882
15 1947
15 3125
15 1231
15 115
15 2900
15 2897
15 2835
15 1999
15 1719
15 3099
15 3033
15 1566
15 1932
15 2195
15 1807
15 1831
15 2907
15 2397
15 1795
15 2856
16 3141
16 2376
16 1676
16 2452
16 2114
16 1724
16 1223
16 409
16 1332
16 3129
16 1226
16 3114
16 394
16 849
16 2160
16 2537
16 1828
16 2378
16 855
16 1846
17 2897
17 2491
17 1134
17 2079
17 1154
17 1362
17 1652
17 1795
17 1223
17 2748
17 1658
17 2888
17 3080
17 2527
17 1999
17 2495
17 48
17 3099
17 1231
17 2586
18 1613
18 799
18 2138
18 1852
18 2645
18 2664
18 1972
18 2897
18 3075
18 2896
18 950
18 1223
18 1853
18 3005
18 1795
18 1665
18 1825
18 2880
18 2685
18 2652
19 2664
19 950
19 1262
19 2685
19 141
19 392
19 2896
19 1601
19 1158
19 2700
19 1795
19 1613
19 2266
19 1302
19 3075
19 2714
19 2865
19 1468
19 2342
19 2785
20 2059
20 2506
20 2170
20 2442
20 1047
20 3139
20 2177
20 2986
20 2199
20 2155
20 1961
20 349
20 1504
20 661
20 1847
20 2695
20 2769
20 70
20 2619
20 777
21 764
21 878
21 1118
21 1429
21 2904
21 555
21 1037
21 2703
21 833
21 2787
21 3007
21 1206
21 2061
21 1679
21 1998
21 2750
21 2932
21 1224
21 2706
21 2643
22 266
22 2637
22 2564
22 2441
22 2638
22 1767
22 1467
22 87
22 2473
22 3049
22 122
22 2384
22 52
22 88
22 2105
22 2188
22 1466
22 1829
22 146
22 1755
23 2914
23 2276
23 1951
23 2649
23 3148
23 241
23 2032
23 2261
23 3043
23 711
23 1081
23 862
23 2216
23 2250
23 1714
23 1157
23 2594
23 3135
23 1583
23 1584
24 268
25 2318
25 1653
25 3048
25 2542
25 2859
25 1620
25 1533
25 1518
25 2862
25 1344
25 1030
25 2319
25 2984
25 3070
25 1938
25 2344
25 436
25 1951
25 1916
25 2452
26 1338
26 3128
26 2626
26 2256
26 2912
26 3043
26 438
26 2618
26 1198
26 2379
26 2719
26 2320
26 2541
26 1102
26 1439
26 2376
26 1854
26 3048
26 2166
26 972
27 3011
27 2669
27 2798
27 2918
27 2988
27 2902
27 2319
27 1725
27 3000
27 2985
27 2859
27 2297
27 2582
27 2502
27 2262
27 2481
27 1505
27 1885
27 2435
27 2553
28 3032
28 2849
28 1685
28 2776
28 2890
28 2951
28 1261
28 2197
28 1695
28 2371
28 383
28 1611
28 2969
28 2949
28 757
28 3133
28 441
28 820
28 1989
28 2515
29 610
29 377
29 513
29 3037
29 2229
29 2927
29 2770
29 1539
29 1840
29 1537
29 2462
29 2644
29 1538
29 935
29 1697
29 2089
29 204
29 1841
29 1933
29 2200
30 1213
30 850
30 1137
30 1926
30 1256
30 1856
30 397
30 2501
30 1024
30 1739
30 960
30 2537
30 1938
30 953
30 1651
30 2786
30 202
30 2917
30 2947
30 1591
31 3047
31 195
31 2125
31 1327
31 674
31 1686
31 2415
31 2826
31 1929
31 533
31 2829
31 1144
31 1891
31 2283
31 2211
31 3015
31 2913
31 1741
31 2370
31 1839
32 3139
32 2059
32 2177
32 2155
32 1145
32 2619
32 1504
32 1847
32 1839
32 2877
32 2630
32 2476
32 2980
32 1961
32 2484
32 2490
32 1529
32 3018
32 2161
32 2701
33 2043
33 1954
33 2805
33 559
33 2335
33 1662
33 1968
33 2548
33 70
33 1577
33 1285
33 2226
33 1617
33 2778
33 2554
33 3016
33 2325
33 1766
33 1347
33 2047
34 3114
34 1524
34 1633
34 1949
34 2458
34 503
34 640
34 1644
34 1440
34 2291
34 1893
34 1667
34 1031
34 2808
34 397
34 1763
34 2440
34 1450
34 1567
34 220
35 1474
35 3007
35 2165
35 2836
35 2560
35 1386
35 393
35 1397
35 2516
35 265
35 1391
35 1214
35 2850
35 2932
35 759
35 3203
35 378
35 64
35 2323
35 2437
36 1265
36 2110
36 1399
36 1350
36 2739
36 2476
36 2084
36 1012
36 204
36 2112
36 1131
36 2698
36 680
36 2492
36 1527
36 1548
36 1737
36 2982
36 2061
36 1768
37 2265
37 2376
37 2651
37 2956
37 2958
37 3103
37 2912
37 618
37 2632
37 2937
37 3105
37 3031
37 676
37 2470
37 243
37 1719
37 3141
37 1083
37 2941
37 2946
38 2265
38 3103
38 2651
38 2958
38 2247
38 2867
38 2956
38 2941
38 2002
38 2184
38 3087
38 3031
38 3100
38 2082
38 2939
38 1364
38 3105
38 463
38 2470
38 2832
39 2651
39 1861
39 3103
39 2958
39 2406
39 2956
39 1614
39 2265
39 2940
39 2178
39 2937
39 3031
39 3105
39 2470
39 2941
39 2083
39 2684
39 2126
39 2527
39 2632
40 2651
40 1485
40 3052
40 2956
40 2406
40 2958
40 2937
40 2060
40 1588
40 2265
40 1470
40 1162
40 2857
40 1835
40 3103
40 2316
40 3105
40 1549
40 1860
40 2705
41 1951
41 2914
41 3137
41 3043
41 2371
41 2276
41 3082
41 3148
41 2649
41 2849
41 2949
41 2323
41 1484
41 241
41 1505
41 3119
41 1828
41 2578
41 2499
41 2261
42 2494
42 204
42 462
42 2231
42 2402
42 1653
42 2641
42 2215
42 2401
42 2107
42 1399
42 2545
42 2789
42 2318
42 633
42 1620
42 1527
42 2370
42 1390
42 2542
43 2569
43 2924
43 3107
43 1182
43 2754
43 2847
43 3046
43 3125
43 2455
43 2841
43 3098
43 2310
43 462
43 1528
43 2883
43 1594
43 2341
43 2703
43 2829
43 1399
44 2829
45 2816
45 1976
45 2493
45 3152
45 2437
45 2856
45 1951
45 2978
45 2964
45 3002
45 2882
45 2114
45 2452
45 3129
45 1271
45 2928
45 2318
45 2253
45 3137
45 2598
46 1457
46 2494
46 2978
46 329
46 2711
46 1699
46 1622
46 2253
46 891
46 2990
46 1976
46 1653
46 2631
46 3134
46 1032
46 2641
46 1952
46 2307
46 1796
46 2288
47 2882
47 2288
47 1457
47 1032
47 1236
47 891
47 2832
47 1699
47 2726
47 3134
47 651
47 2848
47 634
47 2990
47 2598
47 1427
47 3113
47 275
47 2856
47 2451
48 1005
48 47
48 2325
48 1654
48 3010
48 1771
48 3130
48 1809
48 1066
48 2556
48 2366
48 2314
48 2187
48 1353
48 2930
48 1147
48 1927
48 2709
48 2899
48 1806
49 3134
49 2795
49 2288
49 651
49 1457
49 891
49 3012
49 2882
49 2390
49 275
49 1699
49 1032
49 634
49 2832
49 2070
49 1236
49 2307
49 2319
49 2318
49 1945
50 1613
50 2664
50 1457
50 891
50 3075
50 2288
50 3134
50 634
50 1825
50 651
50 1811
50 2832
50 275
50 1699
50 3156
50 2882
50 1032
50 2723
50 950
50 2714
51 1613
51 2664
51 1728
51 3075
51 1924
51 1825
51 2498
51 1811
51 2881
51 3156
51 2714
51 950
51 2723
51 2863
51 3006
51 1262
51 1665
51 2685
51 2645
51 1751
52 2721
52 3070
52 1928
52 1541
52 3048
52 1030
52 557
52 1366
52 2749
52 1261
52 2318
52 1533
52 1518
52 2859
52 1572
52 1344
52 1916
52 2862
52 605
52 104
53 514
53 569
53 139
53 2981
53 1186
53 2457
53 852
53 1521
53 1948
53 1817
53 68
53 2769
53 2986
53 2476
53 1887
53 2192
53 2210
53 503
53 640
53 2648
54 3133
54 2958
54 2842
54 2470
54 2227
54 3103
54 3170
54 2972
54 2155
54 3031
54 652
54 207
54 3104
54 2651
54 2127
54 1167
54 2274
54 2940
54 1323
54 2178
55 1739
55 1355
55 1896
55 1898
55 2650
55 1993
55 2998
55 3064
55 2921
55 1453
55 1665
55 2936
55 1846
55 3042
55 3096
55 3082
55 2742
55 2051
55 1551
55 2838
56 2327
56 1739
56 2323
56 1678
56 1154
56 2931
56 1355
56 1896
56 1898
56 2650
56 2842
56 99
56 2449
56 2716
56 1993
56 1453
56 2998
56 3189
56 284
56 1665
57 3077
57 3140
57 196
57 1106
57 1137
57 437
57 1
57 1132
57 134
57 209
57 176
57 65
57 133
57 2027
57 406
57 2700
57 3175
57 2705
57 2958
57 1715
58 1344
58 1631
58 1411
58 1398
58 2395
58 2634
58 2592
58 2249
58 1876
58 1474
58 1171
58 69
58 1637
58 2418
58 2139
58 1258
58 1987
58 1944
58 1629
58 1986
59 2111
59 1665
59 1112
59 1456
59 2905
59 2631
59 1855
59 1235
59 1681
59 3134
59 1786
59 1700
59 2107
59 137
59 1976
59 2484
59 1051
59 2978
59 2543
59 2650
60 3087
60 2967
60 2816
60 2738
60 1518
60 2957
60 2882
60 2976
60 2964
60 2876
60 3025
60 1258
60 695
60 2516
60 3030
60 2371
60 3142
60 3011
60 2817
60 3092
61 634
61 2711
61 2307
61 1457
61 1236
61 2114
61 1830
61 2494
61 3134
61 1287
61 3129
61 1032
61 2631
61 849
61 1927
61 2160
61 2882
61 1935
61 2688
61 1786
62 1961
62 1424
62 2326
62 2430
62 2790
62 2003
62 1368
62 2664
62 950
62 2975
62 2189
62 2932
62 1648
62 2323
62 1262
62 1136
62 2333
62 2685
62 2931
62 2327
63 2664
63 2896
63 950
63 2685
63 1262
63 141
63 1601
63 392
63 1158
63 1795
63 3073
63 2700
63 2781
63 1613
63 2266
63 3075
63 1302
63 2714
63 2865
63 1468
64 2651
